61030392
62346920
64500281
64142845
67803084
60207459
62069715
61179557
65206133
60188279
69154659
64464974
60954048
69208352
61668637
68171940
62349546
69345739
64312767
60843756
69010751
60275054
65092509
60713129
66984870
63279549
68847870
60960528
62536453
63063156
62719127
68443212
61551751
63825628
66881938
66162348
65358269
64221495
60930855
62471564
65463462
61624046
69005619
63559049
69681960
67003007
67384540
63164504
64410193
65753259
62185004
64964125
61306809
67521195
63760415
65108269
61404089
63402902
63310966
68560169
66315139
63389419
64224096
62893124
66630665
63182694
67638273

65191044

64940932

61051162
67088406

69423935
63067215
62741554
64467657
